64
4
5 0 0 0
0 0 0 5
1 0 1 6
1 0 1 4
1 0 4 3
2 0 1 1
0 2 0 2
2 5 1 0
3 0 0 6
5 1 1 5
0 1 6 2
4 0 7 3
4 0 8 4
4 0 0 4
3 2 5 3
4 0 5 8
2 0 1 6
0 4 4 0
4 3 9 4
4 0 0 4
4 0 3 8
3 0 2 8
7 1 8 1
4 0 0 4
3 0 6 9
3 1 3 7
0 4 2 7
0 4 2 2
3 2 4 7
0 4 1 6
0 3 0 4
2 3 4 8
3 3 2 1
3 0 3 4
5 0 2 2
1 5 7 4
4 0 2 8
0 5 1 2
3 4 1 4
3 3 2 1
1 3 0 3
2 2 3 7
3 0 1 6
2 4 1 2
4 0 2 7
3 2 5 5
3 2 5 7
0 6 6 5
1 6 7 6
0 2 4 7
0 4 2 0
4 3 5 0
1 0 5 2
3 5 3 5
4 0 6 9
3 0 8 5
0 3 7 3
4 0 8 7
2 4 0 5
2 7 3 7
1 4 3 2
4 0 3 9
0 6 9 6
1 5 3 0
